Running as regular user pi
  6832223

  6810722-space

     3320     1772      450     1238      476     1213
      476      369      476      368      449      397
      449     1239      475      373      477      364
      476     1214      475     1219      477      364
      476     1215      475      369      481      362
      449     1243      473     1224      466      367
      449     1243      475     1214      478      365
      452      398      476     1213      449      391
      475      369      503     1189      475      369
      476      367      478      369      476      339
      504      367      477      369      486      357
      477      365      477      368      476      344
      503      367      477      366      481      363
      476      368      476      370      477      366
      477      367      477      369      478      365
      474      369      449      395      476      368
      475      372      475      368      477      368
      476      367      477     1214      490     1216
      462      339      502      373      478      337
      502      368      476     1224      471      365
      476     1216      474      371      475      366
      479      341      501      368      449      395
      450     1242      450     1238      477      368
      477     1213      478     1211      488      359
      477      366      476      367      476     1216
      475      368      474     1215      477     1213
      477      369      475     1220      472      368
      476      371      473      367      477      368
      451      395      475      370      477      340
      517      353      456      387      476      369
      449      370      505      342      504      366
      476      366      475      368      475      369
      477      368      476      369      484      361
      476      368      476      367      476      341
      504      366      479      370      476      366
      475      370      476      368      475      369
      473      372      476      365      448      396
      476      371      474      372      475      369
      475      372      472      371      475      341
      502      369      476      368      476      368
      477      369      475      370      476      369
      475      371      476      367      475      342
      506      368      475      368      476      372
      449      394      476      369      474      368
      476      342      502      372      475      368
      477      367      475      369      475     1218
      473     1214      477     1223      470      365
      478      367      477      369      474     1217
      477     1213      483    12628

     3402     1668      476     1213      451     1244
      472      369      477      367      476      347
      503     1217      475      365      473      371
      476     1216      475     1213      476      369
      476     1213      477      368      475      369
      476     1214      476     1214      474      371
      476     1214      476     1218      475      366
      475      369      477     1216      476      368
      475      372      476     1187      503      378
      469      364      480      369      476      388
      458      365      475      368      449      394
      476      369      473      370      476      369
      491      355      484      338      506      363
      474      371      474      340      502      376
      473      337      475      395      475      371
      475      368      449      399      476      365
      475      370      475      369      478      369
      475      368      477     1214      475     1216
      472      372      476      369      475      370
      478      340      503     1216      477      367
      474     1189      503      368      476      371
      474      374      469      369      479      366
      473     1222      472     1215      475      368
      475     1214      476     1214      477      368
      478      371      475      340      501     1215
      475      370      475     1217      473     1219
      475      367      475     1217      476      368
      475      371      475      366      477      369
      477      373      471      370      476      343
      504      364      474      375      475      369
      473      372      476      365      477      341
      504      368      474      370      473      371
      473      369      476      370      472      371
      478      365      449      396      476      370
      475      368      449      397      476      371
      449      368      501      370      475      369
      475      341      503      373      475      341
      501      371      475      370      475      339
      503      369      475      370      475      344
      502      370      476      340      498      373
      473      371      478      371      474      368
      447      397      474      344      503      367
      474      374      478      363      475      370
      472      373      478      366      475      343
      503      375      469      368      474      348
      473      394      476      343      499     1217
      475     1189      502     1214      475      342
      502      346      501      371      475     1212
      475     1219      478   135050-pulse  1955093-space

  1928022-space

     3377     1795      327     1364      331     1358
      327      541      306      452      390      455
      389     1340      353      454      395      451
      389     1364      327     1361      328      452
      389     1364      328      537      307      455
      390     1334      360     1359      328      454
      389     1339      352     1363      326      455
      397      453      386     1332      354      455
      389      455      389     1366      327      468
      373      455      388      458      387      457
      387      458      390      454      387      460
      383      460      385      457      388      488
      355      516      330      515      329      518
      328      487      355      459      387      487
      356      488      356      456      388      519
      330      453      386     1364      329      457
      385      453      406      443      389      454
      389      489      353     1335      355     1360
      327      463      385      457      388      457
      387      462      383     1365      322      470
      375     1362      327      456      388      419
      424      461      384      459      386      513
      329     1366      326     1359      329      460
      384     1362      329     1340      354      451
      389      463      383      513      329     1364
      328      462      386     1335      354     1359
      329      453      388     1364      327      454
      391      518      326      514      331      460
      386      510      329      517      328      490
      355      514      330      456      386      516
      332      525      324      512      326      497
      347      458      386      514      329      515
      328      518      329      512      330      458
      385      458      393      509      330      512
      332      460      388      417      423      515
      330      519      325      401      441      512
      331      517      329      515      329      514
      331      457      386      459      387      458
      385      460      387      487      356      516
      328      459      387      514      329      520
      329      453      386      517      330      514
      330      515      330      513      330      515
      330      517      330      514      330      457
      386      516      330      514      330      514
      330      515      331      514      330      488
      358      513      330      517      329     1359
      329     1361      328     1364      330      462
      385      459      384     1361      326     1364
      326     1362      328    12698

     3306     1820      356     1335      354     1366
      328      453      390      456      389      458
      386     1361      328      455      389      460
      387     1362      328     1361      328      456
      390     1361      329      406      441      454
      388     1362      328     1363      325      458
      387     1374      319     1362      326      454
      390      455      389     1362      329      459
      387      457      388     1334      357      455
      390      457      386      459      386      457
      389      521      326      515      328      517
      326      513      329      515      329      518
      329      524      320      517      329      513
      329      515      331      456      390      516
      328      518      325      493      351      517
      330      456      385     1361      329      516
      329      516      330      457      386      520
      329      485      356     1363      328     1365
      323      455      390      454      389      517
      332      514      331     1363      325      516
      329     1366      322      491      355      516
      328      519      327      457      385      516
      329     1335      355     1363      329      455
      388     1366      328     1361      328      459
      387      515      329      457      385     1362
      328      460      386     1359      329     1363
      330      457      391     1361      325      460
      386      488      356      518      330      514
      329      515      330      514      329      516
      328      522      327      508      333      518
      328      516      328      514      327      515
      329      515      330      516      330      516
      330      512      330      517      330      513
      330      517      330      511      329      515
      329      518      330      484      361      512
      331      514      330      515      330      515
      330      514      331      514      330      516
      330      517      328      517      329      521
      326      482      359      484      359      512
      330      514      331      518      330      513
      336      508      331      519      327      517
      324      516      328      519      324      516
      329      517      330      511      331      514
      330      513      331      519      330      510
      331      514      330      517      330      512
      330      519      332      508      331     1360
      330     1364      328     1335      354      515
      329      515      330     1335      354     1367
      328     1359      328   137289-pulse