Running as regular user pi
    69831

    40948-space

      353    28588-pulse   178597-space

   147015-space

      102    31464-pulse   111461-space

    90715-space

      179     5873      112    14597-pulse   224580-space

   195869-space

      112    13614

      232    11299

      206    23261-pulse    83246-space

    59255-space

      116    23871-pulse   113860-space

    86076-space

      116    27676-pulse    67683-space

    40551-space

      180    26950-pulse    66949-space

    46791-space

      227     3322      106    16501-pulse   156473-space

   131587-space

      182    24728-pulse   164728-space

   137921-space

      141    26666-pulse   116645-space

    89610-space

      174     9662      180    17038-pulse    67066-space

    40617-space

      146    26269-pulse    66180-space

    44010-space

      436     5871      109    15835-pulse    75757-space

    40256-space

      205    35384-pulse   115379-space

    86682-space

       90    11759

      158     5396      111    31185-pulse    71179-space

    43160-space

      184    27841-pulse    57865-space

    31726-space

       86      211      161     5367      110    20159-pulse    70030-space

    44712-space

      197    13537

       92    31619-pulse    81633-space

    56459-space

       90    20479

      369     3678      118    30428-pulse    90430-space

    60036-space

      141    14629

      141    15463-pulse    65398-space

    44507-space

      159    20806-pulse    70782-space

    37436-space

      187    33181-pulse   183193-space

   161803-space

      344    21040-pulse   171013-space

   143752-space

     3410     1690      481     1210      490     1201
      479      367      477      368      479      368
      479     1211      481      369      480      361
      481     1212      479     1223      475      363
      480     1214      480      366      480      362
      480     1212      480     1212      507      338
      482     1216      448     1248      473      364
      481      370      480     1210      481      361
      481      365      480     1219      474      368
      478      364      479      369      479      364
      480      366      481      365      479      367
      480      364      479      365      486      363
      484      360      482      365      482      361
      478      365      480      367      485      359
      482      364      480      367      479      364
      481      364      479      366      480      365
      451      398      478      366      480      369
      477      363      481     1211      481     1213
      451      393      480      368      480      362
      481      365      479     1215      485      359
      480     1212      480      367      478      365
      480      366      480      366      479      366
      480     1213      480     1210      481      366
      480     1216      476     1212      479      364
      451      394      484      366      476     1215
      477      364      480     1218      474     1213
      479      365      481     1211      507      340
      479      367      481      363      482      364
      480      365      480      370      478      364
      480      363      480      364      480      366
      481      364      507      343      481      362
      480      370      476      365      480      365
      477      367      482      369      502      340
      481      364      563      281      480      366
      480      366      601      246      480      365
      480      365      481      367      481      366
      476      369      482      361      509      336
      481      366      480      366      490      354
      480      365      477      372      479      365
      478      367      479      365      480      365
      482      364      486      361      450      395
      480      366      480      365      481      364
      480      366      480      366      479      369
      480      365      480      365      481      364
      482      364      486      363      480      364
      481      365      480      364      481     1225
      470     1212      479     1223      470      363
      485      363      475      365      480     1219
      487     1203      474    12658

     3449     1633      473     1214      477     1213
      481      362      481      363      481      368
      503     1195      478      362      479      365
      482     1216      475     1214      477      366
      481     1214      477      365      506      339
      451     1243      478     1213      480      365
      481     1211      481     1217      480      360
      481      365      508     1189      480      364
      480      369      480     1211      480      362
      481      365      479      366      480      371
      479      365      480      367      450      393
      482      364      481      364      480      365
      480      367      480      367      480      362
      480      366      479      366      480      369
      451      391      480      365      480      404
      471      336      481      369      481      360
      480      366      484      363      485      366
      481      363      489     1201      481     1217
      469      368      476      366      451      395
      479      366      481     1221      473      363
      480     1213      565      279      479      369
      481      362      480      371      475      364
      479     1225      470     1213      479      366
      482     1217      470     1214      479      367
      482      368      482      360      489     1207
      476      365      484     1210      478     1217
      481      362      481     1214      484      360
      481      366      481      362      480      366
      479      367      479      368      479      368
      479      363      480      367      479      366
      481      368      508      334      482      364
      479      369      480      368      476      366
      481      364      480      365      480      367
      479      365      503      343      480      370
      476      365      491      360      477      366
      485      362      478      367      479      363
      480      364      480      370      480      364
      480      341      508      363      481      362
      480      365      481      397      447      367
      480      367      480      362      481      366
      480      365      481      370      480      361
      481      366      479      369      480      362
      479      371      481      359      480      366
      480      368      479      364      480      366
      479      366      480      365      480      367
      480      365      480      365      481     1213
      483     1214      477     1219      472      369
      478      366      480      367      480     1209
      480     1215      479    30425-pulse  1940431-space

  1911616-space

       99    28699-pulse   118701-space

    90679-space

       82    27951-pulse    77909-space

    53230-space

      139    24560-pulse    64501-space

    35302-space

      210     5536      114    23403-pulse    63368-space

    41135-space

      186    22073-pulse    62116-space

    40782-space

      141     2403      483     7145      143    30971-pulse    90967-space

    69689-space

      110     2307      101    18768-pulse    68755-space

    47024-space

       95    21641-pulse    61568-space

    34072-space

      208     5435      112    21805-pulse   121786-space

    97006-space

     3369     1705      422     1269      424     1266
      424      424      424      418      425      420
      425     1271      424      421      423      423
      447     1246      448     1242      424      419
      478     1216      424      420      423      422
      428     1268      476     1221      418      418
      429     1264      424     1268      425      422
      448      398      425     1267      428      418
      424      421      435     1266      426      414
      423      421      475      371      425      419
      424      425      425      417      424      422
      423      423      424      421      424      420
      449      398      422      421      437      409
      424      420      424      422      477      367
      424      421      477      368      476      373
      424      417      424     1274      422      435
      434      396      451      394      424      419
      424      421      424     1269      449     1244
      423      424      424      421      442      407
      421      423      423     1267      425      421
      430     1264      422      421      424      420
      451      395      424      423      424      420
      426     1268      424     1266      432      414
      423     1268      424     1273      424      417
      449      399      425      418      429     1275
      417      422      427     1263      424     1268
      425      416      424     1270      424      421
      425      422      450      393      424      425
      425      417      430      419      420      423
      429      414      424      421      476      374
      446      395      425      421      424      421
      477      368      423      421      423      421
      424      422      424      421      424      423
      424      420      449      397      424      421
      425      425      424      418      424      421
      424      423      448      395      449      396
      424      422      425      421      424      422
      425      419      424      422      425      421
      477      371      425      418      425      421
      474      373      448      395      424      426
      424      417      424      423      425      421
      425      420      425      417      424      422
      425      424      424      420      424      421
      423      422      424      420      425      421
      425      421      425      421      425      423
      424      421      424      424      423     1272
      443     1252      416     1272      424      419
      424      422      425     1272      418     1271
      420     1268      425    12708

     3419     1657      449     1242      449     1245
      429      415      424      424      425      421
      448     1243      425      419      425      421
      424     1271      449     1243      432      415
      476     1218      420      422      424      423
      427     1267      449     1248      419      422
      424     1269      449     1243      448      400
      449      392      453     1240      449      398
      449      397      479     1214      423      423
      477      367      426      421      424      420
      477      369      448      401      448      394
      424      421      425      422      449      395
      424      422      425      420      424      421
      424      423      449      397      424      422
      425      424      424      425      444      396
      424      419      449     1244      449      397
      424      421      449      397      424      460
      389      437      436     1241      425     1262
      424      423      425      422      425      418
      425      421      425     1270      429      427
      414     1271      426      417      422      421
      424      422      425      423      425      417
      424     1268      425     1269      425      422
      423     1268      424     1268      424      424
      424      418      425      421      424     1268
      449      397      424     1273      420     1269
      424      420      448     1244      449      399
      424      424      425      417      425      421
      425      424      425      420      451      396
      424      419      441      404      424      423
      448      396      425      420      425      425
      422      419      425      423      424      420
      449      403      422      422      422      420
      424      420      424      426      438      408
      423      421      425      420      449      397
      449      396      449      398      448      399
      424      423      424      420      422      422
      425      421      425      429      477      360
      424      422      476      371      424      419
      426      424      449      393      425      421
      424      425      422      422      447      397
      423      424      422      421      449      398
      424      420      448      398      424      421
      425      422      423      420      425      426
      449      395      452      395      423      418
      425      421      449      399      476     1221
      421     1271      446     1246      445      393
      476      369      426     1269      424     1269
      445     1248      424    24634-pulse  1854662-space

  1828391-space

      134    26111-pulse