Running as regular user pi
   140650-pulse   270649-space

   245278-space

      170   135208-pulse  2975221-space

  2949534-space

     3369     1697      475     1241      472     1215
      474      370      475      370      474      371
      476     1186      501      348      500      367
      448     1243      473     1220      475      367
      473     1218      475      369      447      395
      474     1215      474     1216      450      367
      502     1216      476     1213      474      370
      448      400      475     1213      473      342
      500      370      448     1246      443      397
      475      369      474      372      474      367
      473      370      448      370      504      368
      446      396      447      369      475      372
      474      410      460      370      473      368
      473      372      448      397      475      367
      472      372      473      346      500      369
      473      371      448      396      473      370
      481      368      472      369      474      372
      472      369      475     1218      472     1189
      502      341      503      371      446      395
      474      371      474     1224      467      368
      474     1215      475      371      447      396
      474      370      472      371      448      398
      472     1218      482     1208      471      372
      475     1215      447     1241      475      370
      473      371      474      342      476     1242
      455      390      474     1214      475     1217
      474      369      448     1248      473      366
      474      370      474      369      473      371
      473      371      448      399      473      371
      473      370      473      370      449      400
      471      368      474      347      475      393
      474      373      469      343      501      369
      474      343      476      396      474      368
      478      371      471      340      500      370
      478      365      474      372      447      396
      473      371      472      346      501      370
      473      375      471      368      476      342
      502      370      474      371      447      401
      468      372      475      371      475      368
      474      371      474      368      473      376
      470      370      475      395      450      370
      473      373      477      366      472      372
      474      371      472      372      472      375
      448      395      448      369      502      368
      449      396      475      347      500      370
      474      344      500      341      502     1216
      448     1242      448     1245      448      394
      474      370      474      371      473     1219
      447     1240      472    12613

     3397     1671      501     1216      475     1213
      474      370      447      398      474      369
      475     1218      472      370      473      371
      474     1215      448     1244      473      374
      475     1222      465      369      474      370
      447     1244      474     1216      474      368
      474     1220      471     1214      475      370
      475      371      474     1215      475      370
      474      370      475     1217      473      370
      486      331      501      369      475      371
      474      369      476      369      474      373
      475      342      501      370      474      369
      475      343      498      370      448      400
      449      368      503      342      501      367
      449      395      459      394      470      344
      502      368      448      366      502      369
      474      374      454      388      479      365
      477      367      476     1213      443     1245
      473      369      475      370      448      397
      474      367      447     1243      474      342
      503     1215      475      370      448      368
      501      347      477      393      473      370
      473     1218      474     1216      474      369
      448     1246      448     1251      462      372
      448      368      503      365      473     1193
      502      368      474     1216      475     1213
      475      370      474     1216      474      372
      475      368      475      369      475      370
      474      372      475      369      475      369
      474      370      473      344      501      375
      449      392      448      431      439      371
      475      371      472      373      473      368
      474      373      475      371      476      341
      505      365      478      363      474      370
      475      371      474      370      475      369
      475      340      500      344      501      371
      474      370      476      371      452      365
      475      396      473      371      477      343
      502      370      446      369      502      369
      475      368      474      371      447      399
      448      397      449      394      473      345
      500      344      501      369      474      374
      475      341      501      369      475      344
      474      397      473      371      473      371
      476      345      500      343      498      345
      501      370      473      374      473     1220
      473     1214      473     1214      474      372
      447      370      501      370      475     1217
      473     1218      472   139322-pulse   269317-space

   243928-space

       71    89414

      145   135754-pulse